2022
2095	3591	187
5568	8137	81
6885	5550	186
10250	10583	1
2202	6675	194
6191	5545	186
10593	1141	187
8545	7091	171
5617	8848	117
1690	8320	186
3344	4797	95
4250	7069	97
5100	4408	90
2794	3358	93
5487	1515	101
4871	8965	42
8587	8137	81
8919	7155	90
9686	8320	186
2824	8774	178
10432	6069	22
4269	12125	97
2349	4623	184
4111	11154	90
10921	6675	194
8379	11931	166
8605	5545	186
7067	6675	194
5617	8848	18
6860	10738	129
552	7371	184
1356	7371	184
5720	6675	194
10190	6771	90
1143	5750	167
4102	977	85
6356	7759	178
884	9844	129
5220	8111	183
10588	3358	93
972	6675	194
3135	9557	190
3937	8320	116
3805	6458	234
9889	6874	117
3619	1728	169
442	8848	186
8793	7371	184
2777	3384	187
724	8965	38
1314	7371	184
8569	10875	169
1846	3776	18
10619	11037	125
8117	10525	80
7399	8965	42
6885	3717	185
4980	10323	190
362	9640	186
5991	4976	224
11736	3731	129
2699	5626	177
7838	7371	184
5473	7032	17
11835	4656	187
1465	3558	85
2851	7418	187
4874	8965	130
8552	11944	90
425	8848	186
5929	6290	80
11520	7848	70
4816	4262	190
11817	11037	125
9387	8965	45
4858	8965	44
7435	6675	194
5160	10178	178
8191	1679	85
458	8848	186
453	3283	178
382	6675	194
4697	3284	86
10044	4656	178
10172	3639	129
7715	8965	38
272	1712	190
4053	3717	226
8481	3805	186
1211	726	149
7888	3358	93
545	3805	186
10627	705	81
10667	10753	85
12044	11037	125
6047	8320	224
9068	3358	93
4489	9595	187
4369	4623	184
1915	4623	184
4448	8848	186
11196	7371	184
5777	8320	73
6939	7371	184
4208	1754	85
6238	11037	125
4355	6675	194
10988	8073	24
254	10685	97
9819	3776	18
6288	3776	18
11805	11037	125
472	3717	65
2313	7140	171
8367	8965	42
9488	8848	186
5038	8848	224
10136	8320	73
1332	8965	45
10807	6576	73
7615	11305	190
4683	8965	76
9574	8848	110
11613	11613	123
5296	9736	187
6607	8965	132
9	6675	194
9571	4597	85
9418	11064	169
7202	2852	96
3916	6675	194
1341	1329	194
4755	6675	194
8062	6849	183
2210	6675	194
6809	7371	184
11588	3639	129
1655	7371	184
5948	8848	186
11938	8965	42
1767	8016	97
11538	4867	62
5524	4692	173
4232	8965	61
9189	8848	186
3071	8848	224
7458	3358	93
7813	3776	18
5499	8965	76
6649	6458	234
2841	7371	184
3392	7371	184
10239	7371	184
2877	5577	186
2452	8965	38
8790	5021	187
3356	3384	178
1651	8125	145
10941	3717	185
6224	7371	184
4588	1329	194
5807	6675	194
10095	7371	184
7059	10916	178
2483	10235	187
11540	8532	97
8898	8320	73
818	8965	38
6869	8965	130
2575	7530	192
8149	7371	184
8298	8965	76
6169	8848	170
5465	4976	186
11454	4401	213
2889	7887	187
11773	6489	77
2541	1960	17
10465	8965	136
3691	1813	171
8881	3717	226
9776	9667	229
644	3358	93
11266	10942	97
7588	6458	234
8319	3733	129
5583	8965	76
7534	6153	80
5267	7968	79
9106	8848	21
1239	6899	85
11425	4995	190
8830	3872	64
5363	7371	184
6557	8965	42
8462	2904	169
8499	8848	110
12062	3731	129
1640	366	187
4674	4674	116
9779	8965	166
4186	10951	80
7259	7590	90
3660	6675	194
9153	1813	22
3562	2201	85
5727	4623	184
11784	8965	136
4424	6883	22
5522	7371	184
11539	119	186
2143	8965	76
11513	4623	184
9331	366	145
6593	6731	79
516	2578	190
11504	11037	125
2628	4995	190
1399	8965	76
11158	9616	82
2565	7371	184
130	9736	187
5278	8425	171
5394	9188	86
4364	9616	82
3739	8848	186
9156	6655	22
4443	11305	190
9016	6675	194
11857	4995	190
11738	1756	85
418	6675	194
6350	10178	187
12104	7371	184
2886	8965	64
1806	8848	117
9587	10231	186
7217	8965	132
2870	7371	184
8467	8965	38
10288	10878	18
4358	11172	97
451	9667	229
8790	7371	184
401	7371	184
9978	10231	186
4826	2893	85
319	8238	149
2405	4867	62
2173	8965	38
12088	11037	125
7608	8888	17
6318	5478	129
9343	8848	186
8694	8848	186
2455	3717	185
7805	8965	132
4073	8965	76
11614	11037	125
84	9164	97
11882	8965	76
2483	8848	186
6135	9643	187
1019	8848	186
10615	4061	70
11825	12179	22
12149	4713	62
3041	9667	222
10942	813	177
841	4789	151
1902	3805	186
6265	9807	186
2867	8965	38
3958	9650	81
6730	1167	97
8824	6363	17
6461	7371	184
1431	4623	184
9643	9640	116
3377	6145	82
6544	4659	90
2039	3358	93
1233	3717	226
11602	8965	136
5517	9870	145
995	8965	38
9198	8125	187
10806	7371	184
6381	10178	187
10437	1868	166
1184	4995	190
1819	8965	130
10576	4061	70
12065	11037	125
10029	11618	169
11333	9261	77
8813	9667	229
6295	6675	194
5321	6675	194
4988	12028	178
3535	9557	190
1136	11810	192
9779	3731	129
6085	8965	76
849	1868	38
40	7798	86
6201	8965	166
2525	3500	185
4541	6675	194
8666	6410	85
1311	8965	76
5361	8965	38
8509	12127	178
10688	7032	17
4524	9584	195
7969	8965	76
6084	7890	97
11187	4408	97
9241	7371	184
5786	2500	85
4115	4623	184
6917	3358	93
462	7703	95
6832	8137	81
1440	3805	186
6587	8965	132
6183	8848	186
11714	11037	125
8514	11037	125
1861	3591	187
7701	1141	187
1	11037	125
2376	9736	187
8195	3358	93
3634	7371	184
619	8266	85
4155	8467	97
5742	4401	213
6886	9808	117
10143	3805	21
11291	3805	186
6928	9595	187
789	6675	194
7169	10616	77
10561	10862	97
12088	8848	21
1449	6458	234
4672	705	81
1479	7371	184
7737	8965	132
9371	4194	90
8130	6675	194
12019	1813	22
11204	5238	86
7421	8061	77
1571	8320	73
1591	1868	63
8342	1868	63
8680	3358	93
8162	1960	17
9925	9667	222
763	8848	186
7155	3538	187
10601	10040	90
8117	9199	69
10537	10525	80
707	7559	186
8587	8965	76
6717	216	145
11970	11037	125
11287	6675	194
1158	7371	184
6320	8848	170
3087	8848	186
3563	4623	184
9714	10878	186
4223	6675	194
10797	8848	116
10032	8320	73
7767	5031	129
11600	8965	136
2723	3717	121
3952	8848	186
6013	12251	187
1924	3717	185
2349	5678	185
8130	10323	190
7432	1408	85
12054	8848	21
6052	5453	80
11205	5031	129
1840	4623	184
10827	3384	187
7334	5350	187
10820	6348	187
299	7371	184
5131	6675	194
7640	8848	186
6573	7581	69
9990	3805	186
11892	4656	178
7480	10982	187
4507	6691	171
9804	8965	131
8116	9736	187
2617	2048	187
737	8965	166
5856	8965	76
718	11157	90
3735	801	213
1237	3358	93
7141	9029	80
9312	3358	93
8338	11163	171
10809	8848	186
4570	10575	215
8153	8965	76
5222	7099	171
1608	9808	186
8870	8848	186
8452	4656	187
1073	8848	186
6265	7371	184
2843	7371	184
7814	8965	130
2744	8965	76
7448	3717	185
1664	119	186
2008	8848	186
5442	8848	186
1306	8848	186
3398	8965	76
12044	3880	129
6023	11205	145
1770	8965	132
4151	5545	186
5547	9898	192
10124	7069	96
2130	8783	169
2608	1329	194
12077	11037	125
9313	4588	77
5286	8320	186
10038	1329	194
472	1515	101
10152	8965	61
10452	7237	18
11503	11037	125
6640	5545	186
1950	8965	130
1513	7371	184
101	7371	184
8046	4867	62
6576	3776	18
5279	8848	186
999	12207	187
10937	8451	178
8430	8430	116
3511	8848	186
1978	9557	190
4797	6458	234
3943	3384	187
9459	10575	215
2142	7371	184
9699	3662	96
12119	3358	93
4689	8848	170
8655	3717	185
3295	8848	186
5322	6675	194
4470	3717	226
10579	3717	226
11248	9557	190
9693	3872	76
5870	6458	234
8058	6675	194
3929	8068	171
9375	11931	166
4773	6675	194
2203	3805	186
10599	10875	169
11070	11037	125
3517	8965	44
8231	8848	186
11729	8965	136
9165	8525	69
1683	5550	186
11880	11188	178
9915	3358	93
2504	8320	186
10720	5375	18
8313	4623	184
10551	3384	145
4321	12015	187
5612	8137	81
3707	10288	187
10829	4623	184
8449	6675	194
11712	11037	125
3687	8320	224
2082	6675	194
6346	3479	85
1794	7722	186
7794	3284	86
6983	4656	178
6826	7371	184
2814	7371	184
1928	4623	184
2957	6675	194
1931	6675	194
8096	3776	18
10588	7519	77
7524	7371	184
707	6675	194
12302	10172	169
6004	2269	96
4110	3358	93
6061	6616	90
3929	8965	64
9821	3805	186
214	3731	129
2528	8848	186
1441	8513	171
11191	10755	97
1083	7371	184
3557	8848	186
10424	3904	129
6790	8965	42
11223	3544	70
12149	12000	169
6270	11297	96
121	8965	64
9789	11037	125
8968	7371	184
2359	10323	190
11889	8848	186
585	6675	194
9380	4643	77
5315	7371	184
7642	8965	38
6673	8750	187
9293	4995	190
1673	6881	169
1963	170	96
11136	11931	61
10566	10464	90
7483	3717	65
10545	6675	194
7139	7371	184
10069	8965	76
3356	6675	194
6893	11683	187
520	8965	38
10466	4623	184
9699	8320	73
3346	3805	186
1882	3384	187
2429	4306	85
2132	7734	185
11318	3805	186
1939	4623	184
594	8848	186
4989	2904	169
785	12182	187
2128	9521	215
764	9650	81
4438	6675	194
8322	4623	184
3747	8965	45
8502	8965	76
5932	10231	186
11249	3880	129
5296	9736	145
391	7371	184
2532	3717	65
9441	7032	17
10318	7371	184
2435	7747	190
3949	6458	234
11800	11037	125
8465	6675	194
5320	1231	177
627	8532	97
3214	9667	222
5500	1329	194
5202	6689	221
5476	1960	17
4046	7451	185
10064	4001	93
10977	8965	76
2225	10410	149
10086	8965	76
129	8061	96
881	3363	77
8554	9808	116
5907	8848	186
6789	9667	229
8614	11297	96
5203	8848	186
11710	3717	121
7147	7371	184
7814	8965	132
11358	8848	186
5095	3717	226
10362	8848	186
6927	8125	187
7892	8320	21
5622	970	169
6354	1658	85
7000	8848	117
9328	5343	85
5282	8965	42
1739	3731	129
8311	8965	76
6752	8848	186
6358	10288	178
3392	8848	186
7559	8965	132
7831	6458	234
5949	8848	186
8036	6238	169
637	10353	85
2262	6675	194
10360	1754	85
3120	9521	1
9720	5247	85
11314	11037	125
4036	8848	170
9862	7104	187
6208	7217	116
11175	8965	76
8639	3717	185
1998	4525	77
1020	8848	224
7392	8848	186
4065	2233	97
12201	8848	186
8865	6348	187
2541	6363	17
2631	5614	171
8126	10939	187
8516	8965	38
5152	354	187
7785	8965	76
9335	3717	185
6370	8320	186
12125	7371	184
9741	10355	80
3825	8965	131
6026	2231	183
9756	8965	132
2858	4401	213
1991	7869	187
6761	10685	97
9142	7371	184
2132	6812	145
9306	9650	81
9061	8848	187
10135	9535	183
5688	6269	97
9771	2299	77
5040	8618	90
10697	9557	190
2354	1329	194
8945	9188	86
9381	9667	222
10190	9913	77
380	8848	186
9837	11037	125
7301	3358	93
8678	9555	192
3698	8965	64
11990	3091	97
5290	8965	38
9543	6675	194
9553	220	178
54	6771	90
10203	271	85
11136	11931	63
8322	8965	38
11333	10225	90
2467	5936	145
5166	7953	178
5949	9667	222
4697	8965	76
2798	8965	166
12210	11731	123
6301	8965	38
2340	11205	145
4855	3591	187
1846	8965	133
1082	1813	171
12088	5614	22
6594	9140	90
8912	4797	21
640	6675	194
120	7032	17
8181	9736	187
5096	7371	184
4736	7371	184
1897	6675	194
1054	9196	18
4800	1908	67
8747	3937	187
90	6675	194
2795	7371	184
11020	9624	149
620	3717	185
5142	6675	194
4325	6675	194
3884	8848	186
10677	7371	184
9240	8965	76
2488	5326	185
12257	11037	125
1769	9521	215
9686	6675	194
4731	10288	187
9853	7371	184
1373	6675	194
7145	8965	64
1453	5545	116
5382	8965	76
8826	226	192
9544	10288	178
6414	8848	117
4631	6348	171
10051	9650	81
7753	4641	173
8894	4115	90
6887	8474	169
7441	11944	90
8162	8965	45
11354	8965	64
5541	2843	85
1585	5299	190
1134	9521	1
5823	8965	76
3586	8965	61
4815	1329	194
5510	8965	38
3519	10323	190
1245	10185	69
11146	4001	93
4410	8320	73
5873	11404	178
9805	12165	190
4516	7371	184
4993	7561	187
10672	8848	186
8323	8965	64
10793	8965	38
1576	11931	63
7827	8965	61
7827	8965	64
9248	3717	185
10897	8965	166
9598	11069	186
5057	7371	184
8907	6549	187
1246	3806	85
6607	6458	234
4120	8965	76
93	3717	185
6950	3544	70
4327	6675	194
10674	4137	90
1843	8319	171
4389	4401	213
3140	6675	194
1440	420	183
4392	12050	187
3825	7734	121
307	9650	81
7474	9650	81
5533	5337	90
5654	7371	184
4880	3776	18
11092	4623	184
39	4953	85
5286	6675	194
1896	8965	61
7869	11037	125
11804	5563	22
1460	1515	101
9946	3358	93
9657	4401	213
6634	8965	130
7103	8888	17
9671	6675	194
3215	9736	187
2414	5176	149
7014	10382	18
3368	2164	187
3313	7371	184
6331	6458	234
3886	9870	187
6035	7056	77
12106	3717	185
4453	5545	186
8212	6881	171
8898	10525	80
7957	1018	187
8723	4972	213
4739	2189	90
9141	3805	186
2134	7371	184
1125	7371	184
7021	7371	184
7827	8965	166
1225	4976	18
8477	3639	129
7617	3358	93
3698	8085	171
1543	4623	184
6885	6675	194
5355	7772	77
5900	8965	76
1887	7371	184
3638	8965	76
5506	3384	169
7232	9410	90
7136	7371	184
5582	8848	186
4404	6509	69
9122	11646	123
10178	1813	22
3993	3872	63
2075	4713	62
2078	479	192
4764	10675	77
10715	8320	186
1856	6675	194
3497	4797	95
241	5021	145
4333	9521	1
2916	5926	90
7329	8848	186
2572	9667	222
3852	8965	45
4786	8965	61
1791	8848	186
1035	6458	234
462	6382	86
8095	6382	86
548	8320	186
3322	7423	190
10285	331	77
5871	7371	184
3378	9163	90
9902	6874	21
1352	5545	186
3899	3358	93
11562	2048	169
10910	6881	171
8337	1868	61
933	4623	184
6092	8061	77
6941	4588	77
2567	970	187
1836	8965	64
4245	9667	229
10049	3256	86
4442	8320	186
11237	3358	93
1477	7371	184
3778	9667	222
6835	8965	166
1128	8848	186
11157	7371	184
2061	9595	187
7696	7371	184
2506	6675	194
5998	6153	80
5714	7371	184
522	8965	38
2428	9557	190
678	10146	145
1568	8848	170
1416	6675	194
11601	3805	186
6028	6318	186
4395	9557	190
2054	8965	61
8140	7371	184
2443	8965	61
1911	6675	194
4922	8965	61
6878	6675	194
9273	9667	222
9573	11037	125
9370	11349	85
8218	9650	81
7330	1329	194
1064	6897	97
6091	3358	93
437	1329	194
6634	6458	234
8381	8965	166
2687	3763	121
8253	8965	76
2470	7371	184
3233	4623	184
10452	7237	21
6533	8965	38
1575	6675	194
4468	6589	187
564	2606	85
4670	3358	93
5099	6509	69
5925	2012	169
2804	8848	186
11093	842	213
8473	4656	145
11143	8965	76
7507	1842	85
11707	3731	129
9093	8965	76
8536	10008	187
4102	8320	73
10861	8848	186
8395	7759	187
138	10444	187
473	8855	18
6331	8965	131
3468	8848	186
1107	3805	224
1169	7371	184
1826	4623	184
6578	7371	184
3620	6675	194
2791	12050	187
11794	8848	186
6344	2201	85
10793	8848	186
6052	9164	77
2401	9557	190
7213	8848	186
6569	3639	129
4730	4272	190
12127	6069	22
1609	5337	77
3502	12015	192
2020	8181	85
7230	970	187
270	11905	169
9172	3805	186
9914	7371	184
9941	3358	93
2777	8848	186
8775	6675	194
8899	10875	169
10938	9120	169
6256	10231	186
12051	8848	21
11510	11911	145
6723	970	187
12278	7111	169
3738	10139	169
7720	9819	21
3539	7371	184
10538	6210	75
7023	8965	76
136	6675	194
6061	3249	69
8051	2843	85
8365	12182	169
709	9179	86
11513	7451	185
4497	8965	76
6050	6153	80
1247	5652	80
6954	6675	194
7396	1908	67
155	8848	186
399	5893	226
11629	11037	125
11201	8965	76
2333	6675	194
8734	8965	76
6321	8965	132
10066	3358	93
1400	8073	24
11583	4656	145
9017	4099	90
935	6675	194
3973	4623	184
306	8965	76
4739	1466	85
11540	9861	79
2616	801	213
9308	8965	76
5034	12048	169
9483	9667	222
1585	6675	194
7791	4797	116
9808	8965	132
7346	409	215
1010	8848	224
4299	7371	184
11344	3358	93
8902	7056	77
1749	6675	194
2453	6675	194
1797	8848	186
7165	5031	129
2486	3937	187
445	7371	184
8022	10353	85
3201	8848	186
3739	6675	194
4680	3591	187
1999	11069	95
7178	6675	194
8747	8320	110
10023	3358	93
11874	4276	85
493	8965	133
7213	3717	185
12067	11037	125
5356	9532	169
1850	8848	186
8368	12050	169
6269	7371	184
8760	8848	186
11718	3731	129
2456	7371	184
7459	3358	93
11084	8965	136
9875	8848	186
7436	4003	96
997	7371	184
9241	8848	186
4828	8848	186
422	7371	184
11827	11037	125
8292	12069	187
4771	9557	190
2377	7371	184
134	7530	178
10086	2795	86
10084	9560	96
590	6675	194
2439	1329	194
10317	7371	184
6999	8848	116
12012	3880	129
11052	947	187
683	8965	38
7920	7612	85
4838	3358	93
11489	7923	149
9369	10612	80
12190	11037	125
1538	9934	178
8295	10171	187
7764	1813	171
5325	8848	186
2421	8320	186
6796	12255	97
8747	11702	190
8927	6675	194
9854	9557	190
2352	6675	194
4907	12010	187
10256	3731	129
5239	8965	130
9015	354	169
10746	4806	77
5658	8965	76
9016	7371	184
8458	4623	184
5626	10356	123
8582	8965	131
4762	3283	187
5435	9761	192
11324	3359	187
2957	8848	186
10906	7191	90
4092	8965	76
5042	3805	186
7220	3776	18
7058	8965	76
10863	8848	186
11035	9465	90
10328	8848	186
9720	7100	82
5629	7902	190
12175	8965	45
4348	4713	62
2359	8965	38
3299	8106	93
2371	6675	194
2265	10462	151
3950	970	169
11240	6458	234
6022	9929	169
7660	4623	184
1922	3384	169
11065	5544	18
2627	10234	187
8522	6675	194
7202	7569	90
1914	8965	38
10907	3384	178
9551	8848	186
11867	4995	190
4229	12050	171
6564	6675	194
2989	8965	76
1036	8320	186
5410	8848	186
5590	2843	85
5128	8848	186
11533	8965	136
6018	7371	184
12030	11351	123
3375	7973	22
5547	8848	186
2106	9555	192
3163	8965	38
11448	6675	194
5495	6675	194
3092	8125	169
1403	10450	187
10019	8848	186
5499	9331	85
12307	3717	185
480	10438	90
9124	3731	129
7207	11154	90
5918	1329	194
9110	11037	125
7538	11931	63
6248	6526	171
3895	4623	184
12137	3937	178
1496	8965	38
10091	6153	80
2240	4623	184
10678	9432	77
3510	9445	70
6191	6589	187
10100	9615	186
546	9133	145
10997	6675	194
1880	3776	18
8655	6675	194
8380	6883	171
11822	8965	136
2989	9138	90
621	9088	173
2768	3384	187
4393	10862	97
9715	8244	18
5128	6715	190
1734	6675	194
3263	7371	184
8581	6458	234
8765	4194	90
11584	3733	129
11894	5176	149
1011	9667	229
5141	8848	186
8987	4797	95
6817	8965	38
3845	8965	61
671	6675	194
3038	8965	166
6883	9808	21
2017	12217	145
5240	3717	65
10922	8320	116
11262	5209	90
7441	7802	77
11813	11037	125
10288	10878	117
3319	6675	194
4969	4623	184
548	1017	145
3499	8965	166
6065	8965	132
2311	2491	149
8673	5750	167
7271	9650	81
10987	235	77
6083	8848	186
121	8965	44
3866	8965	42
6887	8474	171
9852	7371	184
10086	4791	96
5550	8965	131
6730	7659	90
4145	6675	194
11229	6808	79
2587	7720	187
8943	4797	186
10158	8965	61
7626	6675	194
3407	8848	186
1857	8848	170
1854	4713	62
3685	8068	171
9649	1329	194
7180	8965	76
4668	3717	185
3347	4623	184
1545	7371	184
2289	1868	166
3385	8965	61
127	6675	194
8344	3358	93
10962	8474	171
881	8965	76
569	7808	77
3536	8965	64
8762	3717	226
12053	11037	125
771	8965	42
1354	7094	77
3038	5750	167
4448	7371	184
6692	6645	90
8556	6240	90
4390	8357	183
943	9446	82
10712	10575	1
8644	3653	85
980	11263	97
8422	972	90
12139	3639	129
10968	4791	75
7786	6015	96
6578	6675	194
2082	7371	184
6468	3358	93
12169	8848	21
3695	8965	166
730	11529	145
11158	11263	97
9387	8965	64
9468	8848	186
38	7230	96
5762	6675	194
4531	9808	186
6556	1329	194
10051	5132	90
8398	10431	169
10212	7848	70
4702	8848	186
39	3265	69
12292	5105	69
2601	8848	186
4197	1448	190
11350	2405	183
7342	10982	187
9950	9179	86
6033	8982	97
11062	6675	194
6091	3692	96
11350	4623	184
2983	8965	64
10657	3358	93
4813	3358	93
4358	8965	76
422	2184	178
10467	3479	85
4356	9808	186
11361	3937	187
5713	8965	76
6111	1414	221
11480	7096	171
833	1868	166
9720	8965	76
4413	7227	187
2828	8965	166
10982	5031	129
11923	7056	77
1072	7953	187
54	349	97
6633	3384	187
6448	4434	85
11448	8848	186
10807	8965	76
6317	6589	178
10910	5750	167
3303	9808	186
11074	8965	136
12105	8848	224
11347	4656	178
8209	5544	18
8832	6238	178
4075	6675	194
8911	970	187
5336	1329	194
9659	1813	171
9155	9913	90
8349	8965	130
7380	9694	80
9441	8965	76
1879	1329	194
1989	6589	178
8150	8848	224
5128	7530	187
3488	8848	170
469	3776	18
11934	7772	77
2458	1329	194
6856	8073	24
4369	8848	186
1015	1015	1
97	815	177
9572	7371	184
7594	8524	187
4467	7371	184
8159	8526	151
1597	1515	101
7483	4623	184
11457	7000	22
1915	9808	186
4348	8965	42
2972	8965	38
4047	11702	190
11331	8965	76
2062	3805	186
1235	8848	186
2070	3717	65
11871	3717	185
4500	8965	76
8802	7639	221
9443	6458	234
9930	9182	85
8447	3358	93
10545	1067	178
5362	3358	93
3709	7371	184
11218	3731	129
10642	11037	125
2430	9736	187
10121	3872	63
5114	9934	187
6129	8137	81
2605	7371	184
9004	10583	1
2662	8965	132
8148	3717	185
6417	7371	184
1959	7291	116
10028	3731	129
9999	10385	90
5396	11013	186
6320	6363	17
2473	1677	145
1859	8965	133
1529	3358	93
6270	8174	85
2532	8848	186
8424	4623	184
3747	8965	166
1777	12178	187
6581	5545	186
2291	6675	194
2978	3249	69
2155	10438	90
9541	6675	194
390	6675	194
455	12213	187
9562	5031	129
8430	8965	130
4202	1960	17
6185	11013	186
11781	3639	129
2217	8965	136
2587	6675	194
3691	11683	169
3770	8848	21
3028	10404	187
1292	1920	17
9290	8320	186
5602	8848	186
1296	6569	171
709	11157	97
2453	9929	187
9108	3731	129
6004	9650	81
10849	7371	184
8585	3384	145
8790	446	149
9200	7032	17
7968	7371	184
9487	5031	129
9370	8137	81
4024	7371	184
6631	7703	186
5892	7452	97
4463	4057	90
2364	7371	184
3722	3805	186
11279	8470	90
2299	7371	184
6580	3717	121
5107	4995	190
4761	6675	194
11062	970	187
2466	3959	149
12323	11037	125
4578	8235	69
11744	11305	190
8455	3262	90
3845	5750	167
2073	9667	229
11274	7371	184
451	3717	226
4462	4401	213
7046	8848	186
9638	11944	90
9077	8848	170
781	7371	184
4411	1368	121
550	5544	186
2706	6675	194
6290	774	215
5998	4596	77
11349	7371	184
8978	7411	69
1351	5545	186
8244	4797	117
7983	10575	215
9739	8320	73
9505	8965	76
4670	2045	77
3511	1830	187
800	8137	81
2689	5299	190
5568	3963	97
2419	3805	186
10591	10592	97
8774	7559	116
6815	8848	186
11538	8965	64
9113	3182	90
6201	8965	44
11325	3717	185
4879	8848	170
7102	9808	21
4528	8848	186
2312	8783	145
7587	8848	186
4434	4995	190
2344	8965	38
11531	8320	186
4653	1868	61
11053	6874	21
4339	6675	194
7994	6675	194
8832	9872	173
5992	1083	85
9171	8109	185
2330	11750	145
6024	2198	97
12275	1868	64
4527	8848	18
9792	8848	186
7811	3717	121
6726	9694	80
4611	4623	184
8132	7371	184
11885	5510	85
1170	9422	187
3416	7371	184
3039	8965	76
3271	7285	97
5153	5579	186
8472	7371	184
7192	9650	81
3360	6893	69
817	3731	129
9690	7371	184
9416	3805	186
9083	10675	77
3896	8848	186
9088	8965	42
5159	6675	194
8023	3358	93
75	8848	224
11934	8965	76
4410	8965	76
9276	8965	130
10198	8965	76
3163	6675	194
1680	8848	186
1496	6675	194
2697	6675	194
9750	1170	85
1144	4623	184
2169	8965	76
7938	8848	186
7874	8848	186
5828	10675	77
625	8926	195
1922	7099	171
7313	6458	234
10366	10948	80
1292	4656	169
5719	1813	171
7490	1868	63
11146	7798	86
6240	3717	185
8863	5155	90
3060	8848	186
3695	1813	171
7341	6348	187
2798	8965	44
8971	11305	190
3293	3479	85
3019	6875	77
7669	8848	186
1046	10185	69
7904	7371	184
9858	1329	194
8466	7371	184
7370	9650	81
1510	4623	184
8097	4406	82
6053	7371	184
10133	7371	184
4075	9646	187
8726	7429	97
1885	7371	184
6727	12037	178
5970	7371	184
1479	8848	186
4445	6786	149
6609	8965	42
2409	7237	186
2137	9667	229
2474	12072	187
1320	9557	190
3996	11565	77
2268	7371	184
3845	8965	42
1885	8378	183
4772	8848	186
348	8848	186
10436	3731	129
4158	6616	90
2290	6348	145
1136	11072	194
8444	2046	185
3397	6675	194
7607	7285	90
4365	1652	67
33	9595	187
55	8965	76
5347	8848	186
1182	3384	169
7831	3717	121
10555	8965	166
7358	6881	187
11541	7371	184
10293	3904	129
2711	970	172
11895	1499	187
4112	6290	80
5131	8848	186
2334	6675	194
6870	6675	194
6536	7371	184
10944	3717	185
4657	6675	194
11069	8965	130
4978	7953	187
1571	933	90
3275	7032	17
11191	130	97
2023	4623	184
391	8848	186
4763	1679	85
457	6348	169
8701	7371	184
7287	8965	130
10597	8965	61
4336	3358	93
428	8073	24
2785	6881	171
2383	10141	187
12008	11309	123
9411	7772	77
7753	8965	38
6908	6458	234
11875	4061	70
2614	4634	221
6076	9650	81
11438	1329	194
11764	8848	21
3316	5544	186
8569	7102	171
10445	7003	22
4920	8965	44
3988	8848	224
6599	4995	190
1017	9640	21
504	5545	21
8928	11999	145
4065	8735	86
9512	3717	121
6091	8061	77
4816	9872	183
1420	6255	97
11774	3358	93
5216	8965	133
8467	1329	194
7585	3727	187
7920	8320	73
3118	6183	85
2137	3717	226
2321	11037	125
4362	7772	77
5088	7790	69
5415	8320	73
467	9559	86
5928	3925	178
10873	3731	129
1615	3091	77
6224	4995	190
153	1329	194
10086	6612	86
6473	12232	187
1610	10458	96
11805	8965	136
7296	8965	38
7450	7869	187
3519	6675	194
6866	8848	186
3512	9559	86
7662	5544	224
4671	8137	81
8694	4623	184
1461	7448	85
2967	6675	194
4563	4402	69
6611	8848	186
2316	4623	184
12174	6348	169
11773	8767	86
1412	3358	93
209	11037	125
6507	4623	184
6354	7824	77
6957	8848	187
8624	8965	76
9868	1735	178
10804	6675	194
4384	8965	166
10454	11037	125
6991	1414	221
3044	4623	184
6075	8965	38
8952	5409	70
7967	8965	76
2742	11305	190
7749	3805	186
4656	1813	22
6882	8965	76
5418	8965	45
142	3384	187
3867	8965	42
1580	4656	192
8574	83	22
5349	970	192
737	8965	42
10464	6675	194
8588	8848	186
8625	6675	194
10230	8170	97
1538	11457	187
4786	1813	171
77	6926	77
789	8848	186
11862	7371	184
7131	7371	184
11608	8965	136
10356	8965	136
1810	3776	18
10787	3358	93
8863	5155	85
700	8848	186
4429	8320	73
4643	8848	186
980	11263	96
3947	1868	61
11425	8848	186
4909	7371	184
29	7371	184
11170	8851	69
9003	7371	184
2006	3358	93
5030	4306	85
11863	5514	70
9959	6675	194
5572	8337	183
3756	11889	85
4732	8848	186
4957	2160	183
10787	9774	86
8395	8848	186
2283	10231	186
10664	1141	187
1281	7191	90
8123	8848	186
5834	12010	169
8470	466	173
361	3776	18
1356	9030	185
11473	8848	186
1880	7451	121
6029	6290	80
711	2780	187
4645	9667	229
3295	7371	184
8207	3358	93
6396	9756	21
6650	8965	61
1664	1908	67
7037	9667	222
628	7371	184
10715	3717	185
1326	6675	194
4775	4623	184
5312	3805	186
4511	3805	186
9410	8965	38
3365	7371	184
3235	3284	86
4852	11324	77
1919	9640	186
770	10875	169
9653	4623	184
3307	6675	194
7929	3717	226
937	12040	172
338	7371	184
1806	3733	129
4361	7639	221
8129	6458	234
2709	7371	184
8930	4223	77
546	6675	194
10725	815	177
786	12138	187
1418	9667	229
11174	8164	97
10545	8848	186
1740	3731	129
2626	801	213
4258	7056	77
4361	6675	194
6187	8848	186
3627	3384	187
2318	8848	186
7642	4656	187
5952	3717	185
11871	6675	194
12248	8965	76
2481	2249	149
7385	8965	76
9904	11188	178
4100	9667	222
1347	8965	38
8585	6881	145
5943	6675	194
3923	4656	178
9096	12015	192
4427	3702	76
8709	6675	194
9745	9667	222
2797	6675	194
6986	9323	75
2402	6675	194
5982	7371	184
3931	4623	184
205	6675	194
690	10234	187
6594	9350	69
10225	3384	192
10315	3733	129
10595	8848	186
1955	6675	194
54	8965	76
4608	7371	184
7925	2167	190
1438	4623	184
2365	8848	186
5897	3358	93
9088	11188	169
1667	6675	194
8492	7371	184
6332	7371	184
692	4623	184
1445	3269	178
10008	8873	18
1243	3358	93
10565	3358	93
5228	4623	184
5830	6420	96
5976	5343	85
10921	8320	186
7773	3387	90
5149	6675	194
60	8137	81
6832	2045	77
1026	8320	186
150	8085	171
9636	3358	93
10594	8848	186
918	4401	213
8166	4797	186
1895	7371	184
2571	8848	186
8397	8965	76
2719	8320	186
5487	1329	194
5994	9898	187
8700	8965	76
8311	1658	85
7139	8848	186
4019	1329	194
11649	11037	125
6076	3358	93
630	8965	76
8489	842	213
11971	4656	178
2413	1329	194
12156	8965	136
10363	3639	129
2114	8827	169
10116	1329	194
3801	7371	184
4246	1813	171
5524	7371	184
4731	7371	184
10056	8965	136
3177	7371	184
5417	1754	85
8604	4623	184
7394	9360	85
2309	6675	194
628	6675	194
148	11305	190
633	6675	194
3767	11037	125
10568	3805	186
854	1329	194
5777	8965	76
8424	8848	186
3509	3358	93
5143	5299	190
2879	4623	184
10686	7371	184
1265	6675	194
4657	7371	184
11897	2606	85
3155	7371	184
3985	9667	222
11175	8176	79
8403	970	169
7432	8965	76
2987	4643	77
5292	6675	194
5145	7371	184
1436	1329	194
5005	6458	234
10408	11037	125
4188	7056	77
4696	11037	125
9234	8848	186
4263	11305	190
1153	10374	82
7288	8848	186
2655	8848	186
2194	6675	194
5570	9819	186
4336	8735	86
11943	6675	194
6122	6675	194
4150	7772	77
171	7279	190
4611	8848	186
6827	8848	186
594	3269	187
11904	3639	129
5282	5750	167
1887	8848	186
11209	11037	125
11829	8965	136
4353	3639	129
9068	1679	85
6240	8848	186
195	7371	184
10582	7371	184
535	4623	184
12288	9650	81
5774	3717	185
4299	5544	186
4392	10175	178
10785	9650	81
7236	6458	234
7181	8848	224
1957	3484	185
5484	6675	194
11561	9870	187
9676	3358	93
5718	5617	171
9238	354	187
2189	8848	186
10164	11037	125
10245	10616	77
5630	8063	178
835	2321	169
7244	4656	169
11191	3358	93
5426	3358	93
5034	6363	17
4349	3717	185
933	9761	192
159	6458	234
9883	6675	194
8094	5249	85
10809	8373	173
11642	8965	136
3987	4001	93
9132	11037	125
1752	8848	186
6875	9667	222
2672	8848	186
7746	6675	194
8440	6675	194
8382	11931	166
8067	6363	17
6409	6290	80
3667	7371	184
11336	11037	125
9919	3358	93
11221	6808	79
1570	6675	194
6548	4137	77
5939	7371	184
8924	320	186
1935	8320	73
11941	12199	187
1232	5565	90
7822	6348	187
11139	3731	129
5807	1908	67
2423	8965	38
9914	8848	186
5918	7371	184
2210	3717	185
3346	7371	184
3459	6015	96
4746	8848	186
22	6675	194
6443	9869	187
9797	8965	76
1825	7371	184
6895	3256	86
9510	7371	184
2476	7953	145
9036	4525	90
5654	9667	222
8417	9667	222
5273	7371	184
7975	3717	185
3522	7056	77
11764	1813	22
366	3904	129
4578	9650	81
11301	7371	184
9134	7371	184
8366	8848	186
7100	6675	194
1683	6675	194
10601	1858	85
2345	3384	145
3550	5545	186
2931	6675	194
2719	3805	186
8761	7371	184
4222	9650	81
8443	6489	77
11883	7032	17
2531	6675	194
9568	3384	187
1130	11102	213
3076	8965	38
11062	8848	186
12096	3731	129
4941	1712	190
7270	3384	145
12092	11037	125
9370	5409	70
10410	305	145
1055	9667	229
11348	8965	38
11324	8848	186
7533	10675	90
11383	11037	125
2500	6675	194
1403	3717	185
1995	2329	149
9705	8848	186
4323	7371	184
5879	7371	184
10365	12051	187
8064	3805	186
2355	6675	194
11807	11037	125
5757	5409	70
10292	8073	24
8698	6675	194
12305	3731	129
